585 0
2315 64
395 96
1671 224
1096 224
1552 160
2672 192
2672 48
1552 80
1096 16
1671 16
395 144
2315 176
585 240
585 136
2315 136
395 232
1671 40
1096 40
1552 40
2672 40
2672 216
1552 216
1096 216
1671 216
395 24
2315 120
585 120
1685 0
409 192
2329 192
599 96
1110 64
1566 224
2686 128
2686 112
1566 16
1110 176
599 144
2329 48
409 48
1685 240
1685 136
2329 104
409 168
599 40
1566 8
1110 104
2686 232
2686 24
1110 152
1566 248
599 216
409 88
2329 152
1685 120
1685 68
2329 164
409 36
599 164
1566 132
1110 164
2686 4
2686 244
1110 84
1566 116
599 84
409 212
2329 84
1685 180
1685 204
409 76
2329 12
599 236
1110 140
1566 108
2686 108
2686 156
1566 156
1110 124
599 28
2329 252
409 188
1685 60
585 68
395 4
2315 228
1671 100
1552 68
1096 196
2672 164
2672 84
1096 52
1552 180
1671 148
2315 20
395 244
585 180
585 204
395 140
2315 44
1671 172
1552 204
1096 12
2672 76
2672 188
1096 252
1552 60
1671 92
2315 220
395 124
585 60
583 64
393 0
2313 224
1669 96
1550 64
1094 192
2670 160
2670 80
1094 48
1550 176
1669 144
2313 16
393 240
583 176
583 200
393 136
2313 40
1669 168
1550 200
1094 8
2670 72
2670 184
1094 248
1550 56
1669 88
2313 216
393 120
583 56
1669 196
393 68
2313 4
583 228
1094 132
1550 100
2670 100
2670 148
1550 148
1094 116
583 20
2313 244
393 180
1669 52
1669 12
393 204
2313 204
583 108
1094 76
1550 236
2670 140
2670 124
1550 28
1094 188
583 156
2313 60
393 60
1669 252
1694 192
418 64
2338 0
608 224
1119 128
1575 96
2695 96
2695 144
1575 144
1119 112
608 16
2338 240
418 176
1694 48
608 136
2338 136
418 232
1694 40
1119 40
1575 40
2695 40
2695 216
1575 216
1119 216
1694 216
418 24
2338 120
608 120
608 4
2338 68
418 100
1694 228
1119 228
1575 164
2695 196
2695 52
1575 84
1119 20
1694 20
418 148
2338 180
608 244
1694 12
418 204
2338 204
608 108
1119 76
1575 236
2695 140
2695 124
1575 28
1119 188
608 156
2338 60
418 60
1694 252
608 194
418 130
2338 34
1694 162
1575 194
1119 2
2695 66
2695 178
1119 242
1575 50
1694 82
2338 210
418 114
608 50
1694 74
2338 170
418 42
608 170
1575 138
1119 170
2695 10
2695 250
1119 90
1575 122
608 90
418 218
2338 90
1694 186
1694 134
2338 102
418 166
608 38
1575 6
1119 102
2695 230
2695 22
1119 150
1575 246
608 214
418 86
2338 150
1694 118
608 78
418 14
2338 238
1694 110
1575 78
1119 206
2695 174
2695 94
1119 62
1575 190
1694 158
2338 30
418 254
608 190
1669 66
2313 162
393 34
583 162
1550 130
1094 162
2670 2
2670 242
1094 82
1550 114
583 82
393 210
2313 82
1669 178
1669 138
2313 106
393 170
583 42
1550 10
1094 106
2670 234
2670 26
1094 154
1550 250
583 218
393 90
2313 154
1669 122
583 6
2313 70
393 102
1669 230
1094 230
1550 166
2670 198
2670 54
1550 86
1094 22
1669 22
393 150
2313 182
583 246
583 142
2313 142
393 238
1669 46
1094 46
1550 46
2670 46
2670 222
1550 222
1094 222
1669 222
393 30
2313 126
583 126
1671 130
2315 98
395 162
585 34
1552 2
1096 98
2672 226
2672 18
1096 146
1552 242
585 210
395 82
2315 146
1671 114
1671 74
2315 170
395 42
585 170
1552 138
1096 170
2672 10
2672 250
1096 90
1552 122
585 90
395 218
2315 90
1671 186
599 130
2329 130
409 226
1685 34
1110 34
1566 34
2686 34
2686 210
1566 210
1110 210
1685 210
409 18
2329 114
599 114
599 202
409 138
2329 42
1685 170
1566 202
1110 10
2686 74
2686 186
1110 250
1566 58
1685 90
2329 218
409 122
599 58
599 70
409 6
2329 230
1685 102
1566 70
1110 198
2686 166
2686 86
1110 54
1566 182
1685 150
2329 22
409 246
599 182
599 14
2329 78
409 110
1685 238
1110 238
1566 174
2686 206
2686 62
1566 94
1110 30
1685 30
409 158
2329 190
599 254
1671 6
395 198
2315 198
585 102
1096 70
1552 230
2672 134
2672 118
1552 22
1096 182
585 150
2315 54
395 54
1671 246
1671 206
395 78
2315 14
585 238
1096 142
1552 110
2672 110
2672 158
1552 158
1096 126
585 30
2315 254
395 190
1671 62
1684 128
2328 96
408 160
598 32
1565 0
1109 96
2685 224
2685 16
1109 144
1565 240
598 208
408 80
2328 144
1684 112
1684 72
2328 168
408 40
598 168
1565 136
1109 168
2685 8
2685 248
1109 88
1565 120
598 88
408 216
2328 88
1684 184
598 68
408 4
2328 228
1684 100
1565 68
1109 196
2685 164
2685 84
1109 52
1565 180
1684 148
2328 20
408 244
598 180
598 204
408 140
2328 44
1684 172
1565 204
1109 12
2685 76
2685 188
1109 252
1565 60
1684 92
2328 220
408 124
598 60
593 192
403 128
2323 32
1679 160
1560 192
1104 0
2680 64
2680 176
1104 240
1560 48
1679 80
2323 208
403 112
593 48
1679 200
403 72
2323 8
593 232
1104 136
1560 104
2680 104
2680 152
1560 152
1104 120
593 24
2323 248
403 184
1679 56
1679 4
403 196
2323 196
593 100
1104 68
1560 228
2680 132
2680 116
1560 20
1104 180
593 148
2323 52
403 52
1679 244
593 76
403 12
2323 236
1679 108
1560 76
1104 204
2680 172
2680 92
1104 60
1560 188
1679 156
2323 28
403 252
593 188
593 130
2323 130
403 226
1679 34
1104 34
1560 34
2680 34
2680 210
1560 210
1104 210
1679 210
403 18
2323 114
593 114
1679 74
2323 170
403 42
593 170
1560 138
1104 170
2680 10
2680 250
1104 90
1560 122
593 90
403 218
2323 90
1679 186
1679 134
2323 102
403 166
593 38
1560 6
1104 102
2680 230
2680 22
1104 150
1560 246
593 214
403 86
2323 150
1679 118
593 14
2323 78
403 110
1679 238
1104 238
1560 174
2680 206
2680 62
1560 94
1104 30
1679 30
403 158
2323 190
593 254
598 130
2328 130
408 226
1684 34
1109 34
1565 34
2685 34
2685 210
1565 210
1109 210
1684 210
408 18
2328 114
598 114
598 10
2328 74
408 106
1684 234
1109 234
1565 170
2685 202
2685 58
1565 90
1109 26
1684 26
408 154
2328 186
598 250
1684 198
408 70
2328 6
598 230
1109 134
1565 102
2685 102
2685 150
1565 150
1109 118
598 22
2328 246
408 182
1684 54
1684 14
408 206
2328 206
598 110
1109 78
1565 238
2685 142
2685 126
1565 30
1109 190
598 158
2328 62
408 62
1684 254
1699 64
2343 160
423 32
613 160
1580 128
1124 160
2700 0
2700 240
1124 80
1580 112
613 80
423 208
2343 80
1699 176
1699 8
423 200
2343 200
613 104
1124 72
1580 232
2700 136
2700 120
1580 24
1124 184
613 152
2343 56
423 56
1699 248
613 196
423 132
2343 36
1699 164
1580 196
1124 4
2700 68
2700 180
1124 244
1580 52
1699 84
2343 212
423 116
613 52
613 12
2343 76
423 108
1699 236
1124 236
1580 172
2700 204
2700 60
1580 92
1124 28
1699 28
423 156
2343 188
613 252
613 130
2343 130
423 226
1699 34
1124 34
1580 34
2700 34
2700 210
1580 210
1124 210
1699 210
423 18
2343 114
613 114
613 74
423 10
2343 234
1699 106
1580 74
1124 202
2700 170
2700 90
1124 58
1580 186
1699 154
2343 26
423 250
613 186
1699 198
423 70
2343 6
613 230
1124 134
1580 102
2700 102
2700 150
1580 150
1124 118
613 22
2343 246
423 182
1699 54
1699 142
2343 110
423 174
613 46
1580 14
1124 110
2700 238
2700 30
1124 158
1580 254
613 222
423 94
2343 158
1699 126
1699 129
2343 97
423 161
613 33
1580 1
1124 97
2700 225
2700 17
1124 145
1580 241
613 209
423 81
2343 145
1699 113
1699 201
423 73
2343 9
613 233
1124 137
1580 105
2700 105
2700 153
1580 153
1124 121
613 25
2343 249
423 185
1699 57
613 69
423 5
2343 229
1699 101
1580 69
1124 197
2700 165
2700 85
1124 53
1580 181
1699 149
2343 21
423 245
613 181
613 141
2343 141
423 237
1699 45
1124 45
1580 45
2700 45
2700 221
1580 221
1124 221
1699 221
423 29
2343 125
613 125
613 3
2343 67
423 99
1699 227
1124 227
1580 163
2700 195
2700 51
1580 83
1124 19
1699 19
423 147
2343 179
613 243
613 203
423 139
2343 43
1699 171
1580 203
1124 11
2700 75
2700 187
1124 251
1580 59
1699 91
2343 219
423 123
613 59
1699 7
423 199
2343 199
613 103
1124 71
1580 231
2700 135
2700 119
1580 23
1124 183
613 151
2343 55
423 55
1699 247
1699 79
2343 175
423 47
613 175
1580 143
1124 175
2700 15
2700 255
1124 95
1580 127
613 95
423 223
2343 95
1699 191
1684 1
408 193
2328 193
598 97
1109 65
1565 225
2685 129
2685 113
1565 17
1109 177
598 145
2328 49
408 49
1684 241
1684 201
408 73
2328 9
598 233
1109 137
1565 105
2685 105
2685 153
1565 153
1109 121
598 25
2328 249
408 185
1684 57
598 5
2328 69
408 101
1684 229
1109 229
1565 165
2685 197
2685 53
1565 85
1109 21
1684 21
408 149
2328 181
598 245
598 141
2328 141
408 237
1684 45
1109 45
1565 45
2685 45
2685 221
1565 221
1109 221
1684 221
408 29
2328 125
598 125
593 1
2323 65
403 97
1679 225
1104 225
1560 161
2680 193
2680 49
1560 81
1104 17
1679 17
403 145
2323 177
593 241
1679 137
2323 105
403 169
593 41
1560 9
1104 105
2680 233
2680 25
1104 153
1560 249
593 217
403 89
2323 153
1679 121
1679 69
2323 165
403 37
593 165
1560 133
1104 165
2680 5
2680 245
1104 85
1560 117
593 85
403 213
2323 85
1679 181
593 141
2323 141
403 237
1679 45
1104 45
1560 45
2680 45
2680 221
1560 221
1104 221
1679 221
403 29
2323 125
593 125
593 67
403 3
2323 227
1679 99
1560 67
1104 195
2680 163
2680 83
1104 51
1560 179
1679 147
2323 19
403 243
593 179
1679 11
403 203
2323 203
593 107
1104 75
1560 235
2680 139
2680 123
1560 27
1104 187
593 155
2323 59
403 59
1679 251
1679 199
403 71
2323 7
593 231
1104 135
1560 103
2680 103
2680 151
1560 151
1104 119
593 23
2323 247
403 183
1679 55
593 207
403 143
2323 47
1679 175
1560 207
1104 15
2680 79
2680 191
1104 255
1560 63
1679 95
2323 223
403 127
593 63
598 195
408 131
2328 35
1684 163
1565 195
1109 3
2685 67
2685 179
1109 243
1565 51
1684 83
2328 211
408 115
598 51
598 75
408 11
2328 235
1684 107
1565 75
1109 203
2685 171
2685 91
1109 59
1565 187
1684 155
2328 27
408 251
598 187
1684 71
2328 167
408 39
598 167
1565 135
1109 167
2685 7
2685 247
1109 87
1565 119
598 87
408 215
2328 87
1684 183
1684 143
2328 111
408 175
598 47
1565 15
1109 111
2685 239
2685 31
1109 159
1565 255
598 223
408 95
2328 159
1684 127
1671 193
395 65
2315 1
585 225
1096 129
1552 97
2672 97
2672 145
1552 145
1096 113
585 17
2315 241
395 177
1671 49
1671 9
395 201
2315 201
585 105
1096 73
1552 233
2672 137
2672 121
1552 25
1096 185
585 153
2315 57
395 57
1671 249
599 1
2329 65
409 97
1685 225
1110 225
1566 161
2686 193
2686 49
1566 81
1110 17
1685 17
409 145
2329 177
599 241
599 73
409 9
2329 233
1685 105
1566 73
1110 201
2686 169
2686 89
1110 57
1566 185
1685 153
2329 25
409 249
599 185
599 197
409 133
2329 37
1685 165
1566 197
1110 5
2686 69
2686 181
1110 245
1566 53
1685 85
2329 213
409 117
599 53
599 141
2329 141
409 237
1685 45
1110 45
1566 45
2686 45
2686 221
1566 221
1110 221
1685 221
409 29
2329 125
599 125
1671 69
2315 165
395 37
585 165
1552 133
1096 165
2672 5
2672 245
1096 85
1552 117
585 85
395 213
2315 85
1671 181
1671 141
2315 109
395 173
585 45
1552 13
1096 109
2672 237
2672 29
1096 157
1552 253
585 221
395 93
2315 157
1671 125
583 129
2313 129
393 225
1669 33
1094 33
1550 33
2670 33
2670 209
1550 209
1094 209
1669 209
393 17
2313 113
583 113
583 9
2313 73
393 105
1669 233
1094 233
1550 169
2670 201
2670 57
1550 89
1094 25
1669 25
393 153
2313 185
583 249
1669 133
2313 101
393 165
583 37
1550 5
1094 101
2670 229
2670 21
1094 149
1550 245
583 213
393 85
2313 149
1669 117
1669 77
2313 173
393 45
583 173
1550 141
1094 173
2670 13
2670 253
1094 93
1550 125
583 93
393 221
2313 93
1669 189
608 65
418 1
2338 225
1694 97
1575 65
1119 193
2695 161
2695 81
1119 49
1575 177
1694 145
2338 17
418 241
608 177
1694 137
2338 105
418 169
608 41
1575 9
1119 105
2695 233
2695 25
1119 153
1575 249
608 217
418 89
2338 153
1694 121
1694 69
2338 165
418 37
608 165
1575 133
1119 165
2695 5
2695 245
1119 85
1575 117
608 85
418 213
2338 85
1694 181
608 205
418 141
2338 45
1694 173
1575 205
1119 13
2695 77
2695 189
1119 253
1575 61
1694 93
2338 221
418 125
608 61
1694 3
418 195
2338 195
608 99
1119 67
1575 227
2695 131
2695 115
1575 19
1119 179
608 147
2338 51
418 51
1694 243
608 11
2338 75
418 107
1694 235
1119 235
1575 171
2695 203
2695 59
1575 91
1119 27
1694 27
418 155
2338 187
608 251
608 135
2338 135
418 231
1694 39
1119 39
1575 39
2695 39
2695 215
1575 215
1119 215
1694 215
418 23
2338 119
608 119
1694 207
418 79
2338 15
608 239
1119 143
1575 111
2695 111
2695 159
1575 159
1119 127
608 31
2338 255
418 191
1694 63
1669 3
393 195
2313 195
583 99
1094 67
1550 227
2670 131
2670 115
1550 19
1094 179
583 147
2313 51
393 51
1669 243
1669 203
393 75
2313 11
583 235
1094 139
1550 107
2670 107
2670 155
1550 155
1094 123
583 27
2313 251
393 187
1669 59
583 199
393 135
2313 39
1669 167
1550 199
1094 7
2670 71
2670 183
1094 247
1550 55
1669 87
2313 215
393 119
583 55
583 79
393 15
2313 239
1669 111
1550 79
1094 207
2670 175
2670 95
1094 63
1550 191
1669 159
2313 31
393 255
583 191
585 195
395 131
2315 35
1671 163
1552 195
1096 3
2672 67
2672 179
1096 243
1552 51
1671 83
2315 211
395 115
585 51
585 75
395 11
2315 235
1671 107
1552 75
1096 203
2672 171
2672 91
1096 59
1552 187
1671 155
2315 27
395 251
585 187
1685 195
409 67
2329 3
599 227
1110 131
1566 99
2686 99
2686 147
1566 147
1110 115
599 19
2329 243
409 179
1685 51
1685 75
2329 171
409 43
599 171
1566 139
1110 171
2686 11
2686 251
1110 91
1566 123
599 91
409 219
2329 91
1685 187
1685 135
2329 103
409 167
599 39
1566 7
1110 103
2686 231
2686 23
1110 151
1566 247
599 215
409 87
2329 151
1685 119
1685 15
409 207
2329 207
599 111
1110 79
1566 239
2686 143
2686 127
1566 31
1110 191
599 159
2329 63
409 63
1685 255
585 135
2315 135
395 231
1671 39
1096 39
1552 39
2672 39
2672 215
1552 215
1096 215
1671 215
395 23
2315 119
585 119
585 15
2315 79
395 111
1671 239
1096 239
1552 175
2672 207
2672 63
1552 95
1096 31
1671 31
395 159
2315 191
585 255
