371 49
371 50
371 52
371 55
371 56
371 59
371 61
371 62
371 64
371 67
371 69
371 70
371 73
371 74
371 76
371 79
371 81
371 82
371 84
371 87
371 88
371 91
371 93
569 124
371 97
371 98
371 100
371 103
371 104
371 200
371 109
505 45
371 112
371 115
371 117
371 118
371 121
371 122
371 124
371 127
371 128
371 131
371 133
371 134
371 137
371 138
371 140
371 143
371 145
371 146
371 148
371 151
371 152
371 155
371 157
371 158
371 161
371 162
371 164
371 167
371 168
371 171
371 173
371 174
371 176
371 179
371 181
371 182
371 185
371 186
371 188
371 191
1193 187
371 194
1213 96
371 199
1121 14
371 203
371 205
371 206
371 208
371 211
371 213
371 214
371 217
371 218
371 220
371 223
527 144
476 9
371 229
371 230
1249 248
371 234
527 113
371 239
371 241
371 242
371 244
371 247
371 248
371 251
371 253
371 254
505 231
505 64
505 74
505 85
505 232
1121 149
375 12
505 95
505 149
505 113
505 226
505 100
1121 156
505 254
505 123
505 237
387 32
387 35
387 37
387 38
505 235
387 50
387 52
387 55
1213 242
1271 144
472 41
472 42
472 49
472 50
472 56
1271 19
476 0
476 3
476 5
476 6
505 138
476 10
476 12
476 15
476 17
476 18
476 20
476 23
476 24
476 27
505 159
476 30
483 64
483 67
483 69
483 70
483 73
483 74
483 76
483 79
483 81
483 82
483 84
483 87
483 88
1042 62
483 93
505 52
483 97
483 98
483 100
483 103
483 104
483 107
483 109
483 110
483 112
483 115
483 117
483 118
483 121
483 122
483 124
483 127
483 128
483 131
483 133
483 134
483 137
483 138
483 140
483 143
483 145
483 146
483 148
483 151
483 152
483 155
483 157
483 158
483 161
483 162
483 164
483 167
483 168
483 171
483 173
483 174
483 176
483 179
483 181
483 182
483 185
483 186
483 188
483 191
483 193
483 194
1099 19
483 199
483 200
1253 7
483 205
1118 131
483 208
483 211
483 213
483 214
483 217
505 34
483 220
505 33
483 224
483 227
1271 103
1118 0
483 233
483 234
505 218
483 239
483 241
483 242
483 244
483 247
483 248
483 251
483 253
483 254
497 1
497 2
497 4
497 7
497 8
497 11
497 13
497 14
497 32
497 35
497 37
497 38
497 41
497 42
497 44
497 47
497 81
497 82
497 84
497 87
505 128
497 91
505 15
497 94
497 112
1283 114
497 117
1121 141
1121 31
497 122
505 26
497 127
497 145
497 146
497 148
497 151
497 152
497 155
497 157
497 158
497 176
497 179
497 181
497 182
497 185
497 186
497 188
497 191
497 193
497 194
497 196
497 199
497 200
497 203
497 205
497 206
497 224
497 227
497 229
497 230
497 233
497 234
497 236
497 239
505 43
513 14
513 25
513 31
1234 12
513 38
1121 134
513 55
513 73
513 79
513 88
513 94
505 174
1271 159
513 112
513 118
594 115
513 135
513 144
513 150
513 169
513 175
513 184
513 190
513 192
513 198
513 209
513 215
513 232
513 238
513 249
513 255
557 5
557 6
557 29
557 30
557 33
557 34
443 1
557 58
557 77
872 117
557 105
557 106
557 129
557 130
557 153
557 154
557 165
557 166
557 189
557 190
557 201
557 202
557 237
557 238
1229 22
594 193
1229 151
505 16
1121 20
505 5
1121 5
872 14
1229 237
846 123
1271 110
1169 130
505 177
505 187
505 207
505 208
505 225
505 244
324 212
1193 51
345 208
387 49
9 131
9 153
1213 122
1229 235
1255 245
846 57
569 110
497 124
530 21
1271 47
8 108
530 49
476 29
1271 174
